-8.915409916376128763e+01 -2.102861411992215608e+02 2.152354757143539530e+02
-8.916116903592356380e+01 -2.102108001245298396e+02 2.152573457854296066e+02
-8.918418163547303834e+01 -2.102668507613345241e+02 2.152292106832287857e+02
-8.906990916278090253e+01 -2.102352103329956776e+02 2.152595404609207321e+02
-8.914083184496067247e+01 -2.102272776944809323e+02 2.152862415467614028e+02
-8.921013954351306552e+01 -2.103079473661390466e+02 2.152784417135626143e+02
-8.915993886074045349e+01 -2.102453974207411704e+02 2.152259006485631403e+02
-8.920121159410268774e+01 -2.102571821570481632e+02 2.152348008680916962e+02
-8.927797883109977306e+01 -2.103045092842686472e+02 2.153254911933376547e+02
-8.953066965210351213e+01 -2.103005284037232343e+02 2.155843953623898983e+02
-9.060707910260492781e+01 -2.110423672438275275e+02 2.164751204133419833e+02
-9.177035678816916686e+01 -2.117643391520710452e+02 2.172222924782058726e+02
-9.319279939552757241e+01 -2.125199278378535439e+02 2.182994066219519596e+02
-9.485207584463651642e+01 -2.134454401937246075e+02 2.191688155704090377e+02
-9.614699399833001792e+01 -2.141218017470349935e+02 2.202376179300331671e+02
-9.730632096213921045e+01 -2.147928411939396938e+02 2.207998139774881849e+02
-9.843469750696868914e+01 -2.154064369518746673e+02 2.216572495639757676e+02
-9.914612410477653270e+01 -2.157487708229728582e+02 2.222059458832964083e+02
-9.976414038970891340e+01 -2.162261044287850495e+02 2.225208139610600711e+02
-1.009633286838919304e+02 -2.169398737035579643e+02 2.232789067346060392e+02
-1.025227577631549281e+02 -2.177142346719105603e+02 2.240937455060128798e+02
-1.029866165107005145e+02 -2.181104876398819385e+02 2.244361647515802360e+02
-1.040466362013326602e+02 -2.186442492890920448e+02 2.251518726867856515e+02
-1.056011742945938749e+02 -2.197592613278109468e+02 2.259650917823318537e+02
-1.071361361199072775e+02 -2.206871407256725490e+02 2.267507222176700452e+02
-1.084083906400055497e+02 -2.217124029168184052e+02 2.274753229211397638e+02
-1.102680321138371227e+02 -2.230292125275170747e+02 2.285046870453201109e+02
-1.124917702309800376e+02 -2.247619145718223024e+02 2.296078172508563284e+02
-1.140156413044195176e+02 -2.259685791253226341e+02 2.304648055621448748e+02
-1.153501507569450979e+02 -2.271946428622848657e+02 2.311212069161016984e+02
-1.163923286339737757e+02 -2.279663354205853807e+02 2.317567893364143288e+02
-1.184387892767123702e+02 -2.300959860220801829e+02 2.327418736223657731e+02
-1.197583515224894057e+02 -2.315082378868185629e+02 2.333758864413512129e+02
-1.209640845539455114e+02 -2.329083301833247504e+02 2.338942293609487137e+02
-1.221816469469346487e+02 -2.343332192995069363e+02 2.344548946054991916e+02
-1.235563024590241525e+02 -2.362623118288490218e+02 2.350289786119746509e+02
-1.247194738552713460e+02 -2.379508357910148959e+02 2.355102263764129020e+02
-1.253873426512158602e+02 -2.392006641271847229e+02 2.355994358291117692e+02
-1.259654411795533662e+02 -2.405011068707814275e+02 2.358483469793333143e+02
-1.264434949918117894e+02 -2.421471710431760584e+02 2.357978652773933277e+02
-1.267715686738925598e+02 -2.433996168528073554e+02 2.355831428317692371e+02
-1.268792751029041170e+02 -2.451833703469031605e+02 2.351469339083017758e+02
-1.269239812198539141e+02 -2.455742965248647920e+02 2.349495160726388860e+02
-1.265736463827535090e+02 -2.474028581278801653e+02 2.342154092687479192e+02
-1.258908598805628856e+02 -2.489369242761131034e+02 2.331627202019628271e+02
-1.254347917653080771e+02 -2.498495638283898472e+02 2.324902944087510264e+02
-1.245562399122367623e+02 -2.510627193893023730e+02 2.315238835096643015e+02
-1.238566315503764770e+02 -2.522029520763844062e+02 2.304546163709951543e+02
-1.233616384437581246e+02 -2.528345369562698579e+02 2.297339465786935477e+02
-1.217720200780710371e+02 -2.545946524750591493e+02 2.278717289302776976e+02
-1.204723463123264082e+02 -2.558152887383757843e+02 2.264540595720997942e+02
-1.193496096193802174e+02 -2.568395299923700463e+02 2.252375780615948884e+02
-1.185609507991774336e+02 -2.574362455503787714e+02 2.243075873346404023e+02
-1.179431158569384621e+02 -2.579747877066121760e+02 2.235137727950073838e+02
-1.171510869586819013e+02 -2.586271991718979280e+02 2.226893470583681847e+02
-1.162786792495949726e+02 -2.591758128103221566e+02 2.217509705027815698e+02
-1.153053891599446814e+02 -2.597674624103308929e+02 2.208096395138424270e+02
-1.142923066465585435e+02 -2.604286275039520433e+02 2.197160679464993791e+02
-1.131810100116580884e+02 -2.611469664692885431e+02 2.186245148104429745e+02
-1.119589569831553320e+02 -2.617842561460882962e+02 2.172713326606372561e+02
-1.110618096743682059e+02 -2.621993265594109630e+02 2.164595159768811641e+02
-1.100706837818131874e+02 -2.626995729357229266e+02 2.154197304843059726e+02
-1.092402316862835647e+02 -2.631885422952285012e+02 2.146034571452032083e+02
-1.083370082980643900e+02 -2.635808794173572664e+02 2.137320953658355620e+02
-1.067832884440947083e+02 -2.642090651388713809e+02 2.121506636653404314e+02
-1.058582224511005450e+02 -2.646351065269833498e+02 2.113729748574768337e+02
-1.048908415026032515e+02 -2.650788609083205642e+02 2.102911966353179878e+02
-1.036183901882599798e+02 -2.656788213678261172e+02 2.089382172793797281e+02
-1.019058738376683522e+02 -2.663189760079490043e+02 2.074017434719354469e+02
-1.002754746929524003e+02 -2.669498058046149254e+02 2.058193266821895406e+02
-9.889805721326274579e+01 -2.676402414068000439e+02 2.043425954760559193e+02
-9.761844592272439058e+01 -2.682228347635097521e+02 2.030661045169370595e+02
-9.649064618863981480e+01 -2.687564077229172312e+02 2.018590841649122467e+02
-9.549023394774100382e+01 -2.691777009317063403e+02 2.009824518115656247e+02
-9.444296227191907178e+01 -2.696686662539866006e+02 2.000534071427916558e+02
-9.314051149046201772e+01 -2.703760433300446380e+02 1.987320937452965381e+02
-9.193608616325039407e+01 -2.709776958583768760e+02 1.976464014843635368e+02
-9.042099243060407332e+01 -2.718198602108691375e+02 1.962716717180455532e+02
-8.888374482939372001e+01 -2.727790307289632779e+02 1.947997784487222361e+02
-8.744220147304284296e+01 -2.737341787640327198e+02 1.935134583016392185e+02
-8.618034164749707315e+01 -2.745457976550096646e+02 1.924218133359467231e+02
-8.528966261503900625e+01 -2.752064366915655000e+02 1.915496693846108371e+02
-8.420211942734259480e+01 -2.760199926707242639e+02 1.905071632657492842e+02
-8.267573894394089962e+01 -2.770991362797085458e+02 1.892474933661815726e+02
-8.176819988134496953e+01 -2.780275698693220647e+02 1.883976784310024186e+02
-8.009154239262815622e+01 -2.795602419321033381e+02 1.869871649211539761e+02
-7.900766642713111310e+01 -2.804665337151536164e+02 1.864242192116757622e+02
-7.820768592997374924e+01 -2.815974240772605413e+02 1.856023472983337683e+02
-7.760458149795078953e+01 -2.822135486345300137e+02 1.853098128029739655e+02
-7.700378978323226420e+01 -2.831929142303368963e+02 1.849761317241379288e+02
-7.628486311565686151e+01 -2.843208214589417366e+02 1.844280651775771389e+02
-7.485953396170236829e+01 -2.877991019646681252e+02 1.841277071531562797e+02
-7.447439508361469507e+01 -2.892584817532006127e+02 1.841768743212582535e+02
-7.441927443250054353e+01 -2.899246103003495136e+02 1.845344782411802385e+02
-7.459438126026738303e+01 -2.919245139913358571e+02 1.853297606911912396e+02
-7.507677888297317281e+01 -2.945004557811369068e+02 1.868142054966596959e+02
-7.556073622885844543e+01 -2.964610866491147476e+02 1.880750522105288383e+02
-7.638686669528375717e+01 -2.985237525164835120e+02 1.895852442747091686e+02
-7.701345645944066121e+01 -2.999283985854451657e+02 1.909853376797252054e+02
-7.775059001122410507e+01 -3.015267295334821824e+02 1.923943838052659316e+02
-7.847966176636285240e+01 -3.029896237590380679e+02 1.937585008013391530e+02
-7.950327654307967862e+01 -3.044680227287604453e+02 1.953282871261235698e+02
-8.024263420235691058e+01 -3.058280819379708646e+02 1.968405025080357689e+02
-8.110965688203182822e+01 -3.071351447369806920e+02 1.984397905269528906e+02
-8.191900764651445854e+01 -3.083522449502636391e+02 1.999763474327215533e+02
-8.338950332250300335e+01 -3.101374338915701969e+02 2.022867374799577078e+02
-8.385209924490065703e+01 -3.107505892121525903e+02 2.034931245574493630e+02
-8.494515467196762870e+01 -3.118964352044355337e+02 2.049691900654169672e+02
-8.628133486278107966e+01 -3.133029651894352128e+02 2.073934848200589443e+02
-8.775782895963371288e+01 -3.146104288771971937e+02 2.096248537554427571e+02
-8.915942044323223570e+01 -3.159004297005111539e+02 2.117635462344316295e+02
-9.036204829579635600e+01 -3.169339110695269142e+02 2.136191692572037368e+02
-9.168203577954611205e+01 -3.180478499978171385e+02 2.155778644546628016e+02
-9.290203887672757332e+01 -3.190021757005882819e+02 2.172221847298386592e+02
-9.434160277384088999e+01 -3.200044412463499839e+02 2.190430785535307052e+02
-9.542999412551378668e+01 -3.209473281311327924e+02 2.208712340622456622e+02
-9.588342461184127785e+01 -3.213331846410612798e+02 2.213946641289475110e+02
-9.601184044551774832e+01 -3.213245519943731665e+02 2.214181138900430597e+02
-9.605589788411847962e+01 -3.213040685918415420e+02 2.213630827484508075e+02
-9.598497084828454717e+01 -3.212558858493692355e+02 2.214596072581224462e+02
-9.594959293428044589e+01 -3.214485652313968558e+02 2.212552607446846480e+02
