1.614329313330161142e+01 -1.612119363769222247e+01 8.892840272390198209e+01 -1.660899728079189330e+01 -1.599229070561499988e+01 8.896417566586072212e+01 -1.645181527348234951e+01 1.673536997461137332e+01 8.872701421569979630e+01 1.630446365446236356e+01 1.661031605294672886e+01 8.868978872742054875e+01
1.634106881510208353e+01 3.257466448160613481e+01 7.882982068557261357e+01 -1.639224482539887973e+01 3.268068598909785294e+01 7.878942429420962412e+01 -1.625157879709165343e+01 4.715676323162008998e+01 4.951447901926434980e+01 1.647515113939545728e+01 4.705842919028900440e+01 4.954334524985351607e+01
-2.579141583489530731e+01 2.591309590635233562e+01 7.887446637254291204e+01 -3.587781538834527595e+01 -5.215396310045440131e+00 7.907218047348209211e+01 -4.993695078720107006e+01 -8.021112089453931171e-01 4.990412411573559126e+01 -3.982315632121963489e+01 3.034286136834257519e+01 4.971974307314453512e+01
-3.251454595830310978e+01 -1.656228489743656951e+01 7.924857288839307046e+01 -6.001442031881395245e+00 -3.587556784838378832e+01 7.940563077203805165e+01 -1.470969396047400579e+01 -4.805145785062924091e+01 5.047645271526906896e+01 -4.121484226139000384e+01 -2.874870398293276352e+01 5.030530701959159501e+01
6.139207484349414656e+00 -3.598569594416528616e+01 7.909045874508653640e+01 3.260778389175264635e+01 -1.677197102338107015e+01 7.888460535734128598e+01 4.115390758718936581e+01 -2.883686227138720071e+01 4.988078949581343835e+01 1.470590627232078873e+01 -4.812924396707507668e+01 5.009281172094789980e+01
3.609514439298800426e+01 -5.220258818363070041e+00 7.882538654320757132e+01 2.605278321461799607e+01 2.591064005349285182e+01 7.853699852999542941e+01 3.997361532249011162e+01 3.013545247547600070e+01 4.940685990101175662e+01 4.999191367687954823e+01 -1.026749149474244449e+00 4.966695848574255479e+01
-1.660972229854289139e+01 -4.770718758630300727e+01 3.948414479576830871e+01 1.614654058154136607e+01 -4.780706067016181748e+01 3.949940101735087694e+01 1.617169835955614587e+01 -3.343071856072782566e+01 1.017870797018154327e+01 -1.661384047191958402e+01 -3.338638857090084144e+01 1.014332739370443015e+01
4.001407524983285668e+01 -3.051769765158144665e+01 3.947152550433217044e+01 4.998569633633015741e+01 7.370058928568251622e-01 3.920924264148165861e+01 3.615026739976206471e+01 4.884981382704038921e+00 1.000883560915104376e+01 2.613452759623514865e+01 -2.631382531202181596e+01 1.025418798162885814e+01
4.098331772155565744e+01 2.854597190563119113e+01 3.914865146783107264e+01 1.445301151669511164e+01 4.784181713273951431e+01 3.906643646670498526e+01 5.826686039295736919e+00 3.582917098469251016e+01 9.903032195161490137e+00 3.242746400551185815e+01 1.660142190069559121e+01 9.974907215679047923e+00
-1.454049880690582697e+01 4.773710058072477125e+01 3.910555427455283706e+01 -4.106387907810254490e+01 2.836894169483342409e+01 3.927653624240458186e+01 -3.264094514962719984e+01 1.657112354536130283e+01 1.010059987958084982e+01 -6.061849461863158872e+00 3.588428870455006603e+01 9.979708867929597105e+00
-5.005689024152937350e+01 8.594273371057418176e-01 3.937676402158281519e+01 -4.017481075797469714e+01 -3.031820725188856613e+01 3.980921045977141404e+01 -2.650699331201809628e+01 -2.625172617684437171e+01 1.054615374219987167e+01 -3.648450028168176118e+01 4.913068880564752661e+00 1.012406861589831664e+01
