1.146921236336204508e+01 -1.100096104969425248e+01 2.348758028381286636e+02 -1.012707600691287269e+01 -1.078550811697335554e+01 2.348713006810061756e+02 -9.875245929359865116e+00 1.083144356142397235e+01 2.350345328505666771e+02 1.171940281370621584e+01 1.061201478006697663e+01 2.350388746683017018e+02
1.163886810113498882e+01 2.251297137445403251e+01 2.278045085770251035e+02 -9.918799982758610412e+00 2.262020422744415526e+01 2.277789690741154232e+02 -9.803833346251984437e+00 3.240596067546196224e+01 2.085318427512696360e+02 1.174552984584078175e+01 3.228635653864724731e+01 2.085651060215707844e+02
-1.720797824832772704e+01 1.735502785497413214e+01 2.276790950159738713e+02 -2.393987350911908507e+01 -3.141692543211969113e+00 2.277496725423831663e+02 -3.319957534405838118e+01 -1.409958160170243779e-01 2.084892145286542018e+02 -2.647072496957864018e+01 2.035730232484472424e+01 2.084090867969558474e+02
-2.167682106174876822e+01 -1.180644448851370676e+01 2.274841331867650354e+02 -4.180505784868370434e+00 -2.462149371803533526e+01 2.273645658956902196e+02 -9.936677514025051394e+00 -3.232257392409891139e+01 2.080285073922296988e+02 -2.744103340549709458e+01 -1.952772009812264642e+01 2.081596668199068461e+02
5.193770936474036759e+00 -2.469778224941332567e+01 2.274956042423050064e+02 2.263223948210044867e+01 -1.201490153863232102e+01 2.275682821741162343e+02 2.827230536106990044e+01 -1.975974141650357652e+01 2.081960116956607862e+02 1.083708438041702848e+01 -3.244630230560292006e+01 2.081563732107832152e+02
2.564948141385806579e+01 -3.708837787240309325e+00 2.275454425336773738e+02 1.909292126470320738e+01 1.684553493359871368e+01 2.276569641966095219e+02 2.827678952656369660e+01 1.987700503361865856e+01 2.084005560060784887e+02 3.483121585604823167e+01 -6.844172663430916348e-01 2.082736323821081612e+02
-1.043279508710742753e+01 -3.211713528683227992e+01 2.000405101153513101e+02 1.137138824007372762e+01 -3.214662984637590881e+01 1.998517049958058749e+02 1.126782036610799764e+01 -2.232050042124472355e+01 1.805827082504753491e+02 -1.050182662942651035e+01 -2.232566687695934959e+01 1.806856046481684359e+02
2.800779386317314135e+01 -2.028126722258743442e+01 2.001991330566347642e+02 3.479774996975918100e+01 3.041844002013370241e-01 2.004243715257193514e+02 2.549652421515966338e+01 3.461767241507468285e+00 1.810953730711964340e+02 1.872869852809775892e+01 -1.703443590155633558e+01 1.809022868834015014e+02
2.866232695736653469e+01 1.983167769249983081e+01 2.004456327303136050e+02 1.112306931993021486e+01 3.267086420564589133e+01 2.006594905365544435e+02 5.228925735371092287e+00 2.490230812931136839e+01 1.812981578322399230e+02 2.272052743562631605e+01 1.210664267257307181e+01 1.810704324753689036e+02
-9.237258895376758261e+00 3.278246082556140095e+01 2.008657120441046970e+02 -2.693900398541094532e+01 2.004706410379649384e+01 2.008152117449654668e+02 -2.133334265513855499e+01 1.233771067158253665e+01 1.813988921772665890e+02 -3.655952657491081670e+00 2.506083195422885979e+01 1.814407587933884827e+02
-3.352220627335426428e+01 6.451323518349951769e-01 2.005721218425428845e+02 -2.699429350658251181e+01 -2.012221731032065364e+01 2.005097672246765228e+02 -1.785300341110605515e+01 -1.710525912040821339e+01 1.811169793447529344e+02 -2.436653303553613270e+01 3.569748978834326181e+00 1.812000326287679286e+02
